1.000000000 0.000000000 0.000000000 0.000000000 0.000000000 1.000000000 0.000000000 0.000000000 0.000000000 0.000000000 1.000000000 0.000000000
0.999996960 0.002427728 0.000476784 0.000081001 -0.002427471 0.999997020 -0.000538757 0.000093052 -0.000478091 0.000537598 0.999999762 0.000019565
0.999994099 0.003391593 0.000545255 0.000140232 -0.003391252 0.999993980 -0.000625320 0.000093294 -0.000547373 0.000623467 0.999999642 0.000105539
0.999982238 0.005849914 0.001123494 0.000091461 -0.005849202 0.999982595 -0.000635687 0.000072306 -0.001127193 0.000629104 0.999999166 0.000456993
0.999976814 0.006728300 0.001055774 0.000116888 -0.006727305 0.999976933 -0.000945552 0.000121850 -0.001062113 0.000938428 0.999999046 0.000117051
0.999961793 0.008615319 0.001493842 0.000137915 -0.008613532 0.999962151 -0.001197916 0.000120112 -0.001504106 0.001185003 0.999998152 0.000214513
0.999947608 0.010113369 0.001583618 0.000151958 -0.010112103 0.999948502 -0.000805415 0.000136251 -0.001591682 0.000789359 0.999998450 0.000164186
0.999926627 0.011967027 0.001828150 0.000010188 -0.011965270 0.999927878 -0.000968929 0.000122191 -0.001839613 0.000946983 0.999997795 0.000063278
0.999917567 0.012712879 0.001723267 0.000046544 -0.012710695 0.999918401 -0.001271525 0.000221452 -0.001739291 0.001249516 0.999997675 -0.000153085
0.999904633 0.013672769 0.001898401 0.000095707 -0.013669827 0.999905288 -0.001554362 0.000284978 -0.001919474 0.001528263 0.999996960 -0.000092074
0.999900520 0.013872389 0.002498443 -0.000025842 -0.013867484 0.999901950 -0.001969381 0.000277916 -0.002525517 0.001934539 0.999994934 0.000124146
0.999876380 0.015578141 0.002093781 0.000111287 -0.015574980 0.999877512 -0.001518415 0.000233527 -0.002117178 0.001485616 0.999996662 0.000066648
0.999869168 0.015985500 0.002409864 0.000078890 -0.015981719 0.999870956 -0.001578950 0.000179928 -0.002434793 0.001540230 0.999995828 0.000019658
0.999827802 0.018410366 0.002309451 0.000108890 -0.018407095 0.999829531 -0.001428585 0.000159053 -0.002335358 0.001385829 0.999996305 0.000060073
0.999823153 0.018604441 0.002754589 0.000087745 -0.018598413 0.999824584 -0.002198486 0.000151962 -0.002795007 0.002146867 0.999993742 0.000041149
0.999823213 0.018595608 0.002762604 0.000095357 -0.018589996 0.999825001 -0.002043882 0.000134379 -0.002800128 0.001992164 0.999994099 -0.000012370
0.999811172 0.019218093 0.002872818 0.000143549 -0.019211926 0.999813080 -0.002157453 0.000134820 -0.002913743 0.002101853 0.999993503 0.000074633
0.999779999 0.020789392 0.002853965 0.000084179 -0.020783767 0.999782026 -0.001984957 0.000223015 -0.002894609 0.001925203 0.999993980 -0.000030544
0.999780774 0.020741861 0.002898088 0.000019330 -0.020735923 0.999782860 -0.002063415 0.000193118 -0.002940258 0.002002868 0.999993682 -0.000098493
0.999855399 0.016745362 0.003001677 0.000051205 -0.016754340 0.999855161 0.002991765 0.000188548 -0.002951144 -0.003041623 0.999991059 -0.000046157
0.999849796 0.017160589 0.002405248 0.000115473 -0.017155668 0.999850690 -0.002049997 0.000163576 -0.002440068 0.002008425 0.999994993 0.000117811
0.999878228 0.015347752 0.002817621 0.000143893 -0.015346058 0.999882042 -0.000620988 0.000060935 -0.002826819 0.000577673 0.999995828 0.000157909
0.999856710 0.016667154 0.002954336 0.000103442 -0.016676657 0.999855757 0.003221234 -0.000161244 -0.002900221 -0.003270041 0.999990404 0.000151385
0.999864221 0.016299186 0.002443614 0.000204586 -0.016310973 0.999854922 0.004884365 -0.000132250 -0.002363649 -0.004923560 0.999985099 0.000299322
0.999868214 0.016041700 0.002522152 0.000156958 -0.016051156 0.999864042 0.003773867 0.000018030 -0.002461269 -0.003813854 0.999989629 0.000310374
0.999877334 0.015463634 0.002473866 0.000185155 -0.015470330 0.999876618 0.002711102 0.000043086 -0.002431637 -0.002749041 0.999993265 0.000359723
0.999887168 0.014838303 0.002372145 0.000146971 -0.014843146 0.999887705 0.002035534 0.000165146 -0.002341675 -0.002070514 0.999995112 0.000276900
0.999864042 0.016227866 0.002903684 0.000119510 -0.016236363 0.999863863 0.002928755 0.000160872 -0.002855761 -0.002975503 0.999991477 0.000081983
0.999834120 0.017948948 0.003092263 0.000122548 -0.017950589 0.999838650 0.000502669 0.000153287 -0.003082742 -0.000558094 0.999995112 0.000259522
0.999793172 0.020068990 0.003297481 0.000201877 -0.020058805 0.999794006 -0.003094497 0.000158549 -0.003358905 0.003027714 0.999989808 0.000320021
0.999753654 0.021930834 0.003425665 0.000173935 -0.021919148 0.999754071 -0.003412279 0.000180140 -0.003499656 0.003336350 0.999988317 0.000198039
0.999743223 0.022398366 0.003440133 0.000192784 -0.022387385 0.999744296 -0.003196946 0.000193852 -0.003510860 0.003119108 0.999988973 0.000165670
0.999727368 0.023101114 0.003409979 0.000202925 -0.023089847 0.999727905 -0.003306511 0.000189243 -0.003485435 0.003226873 0.999988735 0.000180650
0.999718785 0.023449399 0.003544046 0.000164849 -0.023437439 0.999719560 -0.003379551 0.000181610 -0.003622301 0.003295536 0.999988019 0.000134608
0.999705434 0.024005657 0.003579208 0.000189456 -0.023994120 0.999706984 -0.003232315 0.000170860 -0.003655754 0.003145482 0.999988377 0.000182091
0.999698281 0.024285365 0.003678189 0.000189107 -0.024272727 0.999699533 -0.003441461 0.000183647 -0.003760661 0.003351142 0.999987364 0.000181169
0.999677777 0.025108345 0.003745859 0.000168722 -0.025095787 0.999679446 -0.003362190 0.000189727 -0.003829077 0.003267101 0.999987304 0.000168614
0.999677360 0.025128476 0.003709738 0.000231863 -0.025116002 0.999678910 -0.003371032 0.000201528 -0.003793257 0.003276770 0.999987483 0.000255870
0.999664366 0.025629941 0.003795185 0.000139685 -0.025616702 0.999665737 -0.003496853 0.000189224 -0.003883540 0.003398458 0.999986708 0.000123419
0.999666691 0.025546296 0.003752476 0.000178891 -0.025532488 0.999667287 -0.003682736 0.000204783 -0.003845308 0.003585698 0.999986231 0.000186088
0.999651492 0.026084332 0.004062701 0.000141947 -0.026072472 0.999655843 -0.002944031 0.000010343 -0.004138096 0.002837079 0.999987423 0.000360383
0.999631286 0.026871551 0.003906512 0.000123188 -0.026857523 0.999632835 -0.003598547 0.000221972 -0.004001777 0.003492301 0.999985754 0.000204384
0.999621093 0.027245512 0.003941596 0.000118699 -0.027231105 0.999622524 -0.003663601 0.000235291 -0.004039925 0.003554878 0.999985456 0.000118753
0.999613881 0.027496185 0.004015944 0.000104957 -0.027482646 0.999616563 -0.003387702 0.000214351 -0.004107553 0.003276025 0.999986112 0.000205670
0.999616265 0.027403494 0.004059789 0.000105848 -0.027388778 0.999618292 -0.003637245 0.000234861 -0.004157912 0.003524656 0.999985099 0.000195331
0.999607384 0.027722400 0.004087678 0.000110649 -0.027707985 0.999609768 -0.003541503 0.000217591 -0.004184261 0.003426851 0.999985337 0.000191032
0.999600768 0.027937857 0.004231302 0.000123747 -0.027923813 0.999604523 -0.003341785 0.000155892 -0.004322991 0.003222297 0.999985397 0.000308760
0.999586940 0.028444521 0.004118699 0.000142293 -0.028431354 0.999590576 -0.003220428 0.000135517 -0.004208616 0.003101998 0.999986231 0.000303697
0.999579430 0.028696612 0.004197049 0.000163113 -0.028682964 0.999583244 -0.003275946 0.000153380 -0.004289309 0.003154185 0.999985695 0.000355493
0.999575675 0.028819902 0.004236563 0.000154508 -0.028805993 0.999579608 -0.003307357 0.000154502 -0.004330099 0.003183915 0.999985516 0.000344607
0.999563456 0.029229894 0.004319649 0.000171131 -0.029216148 0.999568045 -0.003210915 0.000113490 -0.004411638 0.003083309 0.999985397 0.000368717
0.999548376 0.029754769 0.004232198 0.000159804 -0.029741880 0.999552906 -0.003076716 0.000109322 -0.004321853 0.002949453 0.999986291 0.000350514
0.999549806 0.029700629 0.004242208 0.000174625 -0.029687762 0.999554574 -0.003063587 0.000121848 -0.004331308 0.002936266 0.999986231 0.000363222
0.999531627 0.030324042 0.004105554 0.000158246 -0.030310633 0.999535143 -0.003289013 0.000133722 -0.004203381 0.003163031 0.999986112 0.000154950
0.999530911 0.030335609 0.004182779 0.000186973 -0.030323200 0.999535680 -0.002997466 0.000105437 -0.004271767 0.002869226 0.999986827 0.000144915
0.999525368 0.030518616 0.004197748 0.000186105 -0.030505570 0.999529779 -0.003136798 0.000140931 -0.004291504 0.003007255 0.999986291 0.000191324
0.999518931 0.030730259 0.004166001 0.000209069 -0.030715972 0.999522269 -0.003450727 0.000154117 -0.004270051 0.003321105 0.999985397 0.000227713
0.999501526 0.031236187 0.004584800 0.000138546 -0.031221313 0.999507189 -0.003279553 0.000187041 -0.004684980 0.003134775 0.999984086 0.000291250
0.999510884 0.030948551 0.004491145 0.000163836 -0.030934121 0.999516189 -0.003247286 0.000137650 -0.004589471 0.003106768 0.999984682 0.000166516
0.999506533 0.031102853 0.004379659 0.000216045 -0.031087728 0.999510586 -0.003479923 0.000189884 -0.004485751 0.003342052 0.999984384 0.000172149
0.999489665 0.031653870 0.004300860 0.000180232 -0.031638682 0.999493062 -0.003554811 0.000179112 -0.004411203 0.003416923 0.999984503 0.000119054
0.999470949 0.032207288 0.004519690 0.000114899 -0.032191277 0.999475479 -0.003571339 0.000210490 -0.004632342 0.003423955 0.999983311 0.000174933
0.999479115 0.031990118 0.004260825 0.000213298 -0.031974468 0.999481976 -0.003691494 0.000212562 -0.004376709 0.003553334 0.999984086 0.000271608
0.999479651 0.031962123 0.004344290 0.000215885 -0.031945657 0.999482453 -0.003806579 0.000227399 -0.004463707 0.003665817 0.999983251 0.000255023
0.999475420 0.032095399 0.004333857 0.000202924 -0.032079574 0.999478638 -0.003671732 0.000197011 -0.004449443 0.003530778 0.999983847 0.000230470
0.999462843 0.032485470 0.004322455 0.000225538 -0.032469377 0.999465823 -0.003741313 0.000206945 -0.004441685 0.003598956 0.999983668 0.000294695
0.999460042 0.032557715 0.004436238 0.000214804 -0.032541774 0.999463975 -0.003618677 0.000207478 -0.004551675 0.003472359 0.999983609 0.000284316
0.999456763 0.032672726 0.004307801 0.000211257 -0.032657381 0.999460280 -0.003583765 0.000198395 -0.004422567 0.003441137 0.999984205 0.000287864
0.999452591 0.032763824 0.004575373 0.000197138 -0.032746818 0.999456763 -0.003742432 0.000214282 -0.004695503 0.003590554 0.999982476 0.000323220
0.999449193 0.032878630 0.004514752 0.000190279 -0.032861866 0.999453008 -0.003738145 0.000209630 -0.004635187 0.003587723 0.999982774 0.000295423
0.999446213 0.032949861 0.004651828 0.000186237 -0.032932967 0.999451041 -0.003661788 0.000191028 -0.004769929 0.003506562 0.999982417 0.000274462
0.999444067 0.033040520 0.004470619 0.000219853 -0.033024270 0.999447882 -0.003660489 0.000195728 -0.004589096 0.003510815 0.999983251 0.000283078
0.999424815 0.033588901 0.004686325 0.000190280 -0.033572577 0.999430239 -0.003518890 0.000191126 -0.004801851 0.003359534 0.999982715 0.000302464
0.999429345 0.033445198 0.004756376 0.000159411 -0.033427607 0.999434352 -0.003729497 0.000204864 -0.004878419 0.003568375 0.999981642 0.000343812
0.999391675 0.034567386 0.004634352 0.000212331 -0.034550909 0.999396503 -0.003589313 0.000205804 -0.004755628 0.003427009 0.999982774 0.000388261
0.999392807 0.034530014 0.004659193 0.000229427 -0.034512922 0.999397337 -0.003698551 0.000226094 -0.004784096 0.003535502 0.999982238 0.000322484
0.999384046 0.034746487 0.004925096 0.000154778 -0.034728236 0.999389768 -0.003745931 0.000210778 -0.005052249 0.003572583 0.999980807 0.000269635
0.999390900 0.034583054 0.004715475 0.000196316 -0.034565169 0.999395132 -0.003824027 0.000218841 -0.004844870 0.003658707 0.999981582 0.000292066
0.999366283 0.035296325 0.004622227 0.000171392 -0.035279777 0.999370992 -0.003613603 0.000207173 -0.004746866 0.003448242 0.999982715 0.000243186
0.999365628 0.035321217 0.004559406 0.000195246 -0.035303611 0.999369144 -0.003884906 0.000233860 -0.004693748 0.003721478 0.999981999 0.000240457
0.999365211 0.035319608 0.004665049 0.000179293 -0.035301875 0.999369383 -0.003829365 0.000227921 -0.004797359 0.003662249 0.999981761 0.000240782
0.999354661 0.035638794 0.004485130 0.000264868 -0.035622749 0.999358833 -0.003607016 0.000206120 -0.004610804 0.003444915 0.999983430 0.000337789
0.999353409 0.035643660 0.004721953 0.000227648 -0.035627313 0.999359071 -0.003500689 0.000177130 -0.004843704 0.003330195 0.999982715 0.000394236
0.999358177 0.035521042 0.004631345 0.000275043 -0.035503265 0.999362111 -0.003865192 0.000225213 -0.004765686 0.003698284 0.999981821 0.000406261
0.999356329 0.035576276 0.004604615 0.000180339 -0.035559788 0.999361038 -0.003615075 0.000164763 -0.004730283 0.003449008 0.999982834 0.000275451
0.999366343 0.035285603 0.004659505 0.000225479 -0.035269231 0.999371529 -0.003551513 0.000109036 -0.004781895 0.003384925 0.999982834 0.000365454
0.999341428 0.035987269 0.004612754 0.000195800 -0.035970837 0.999346435 -0.003598669 0.000156887 -0.004739245 0.003430375 0.999982834 0.000257557
0.999342918 0.035942562 0.004659421 0.000193376 -0.035925798 0.999347866 -0.003634877 0.000176091 -0.004787031 0.003465095 0.999982536 0.000232419
0.999329269 0.036300655 0.004831100 0.000222875 -0.036282443 0.999334335 -0.003807322 0.000200938 -0.004966094 0.003629484 0.999981046 0.000347219
0.999325991 0.036393967 0.004796418 0.000202438 -0.036376018 0.999331057 -0.003779313 0.000184163 -0.004930756 0.003602290 0.999981284 0.000335799
0.999312162 0.036747187 0.004966295 0.000184463 -0.036729444 0.999318779 -0.003617865 0.000153875 -0.005095859 0.003432967 0.999981046 0.000375112
0.999309778 0.036818698 0.004921985 0.000239859 -0.036800824 0.999315917 -0.003675485 0.000196804 -0.005053946 0.003491815 0.999981105 0.000345726
0.999306083 0.036916412 0.004931933 0.000251396 -0.036899067 0.999312758 -0.003563876 0.000162875 -0.005060111 0.003379420 0.999981463 0.000371921
0.999309361 0.036860682 0.004684224 0.000289272 -0.036844101 0.999314666 -0.003579289 0.000168297 -0.004812950 0.003404231 0.999982595 0.000352548
0.999305665 0.036967374 0.004638121 0.000306417 -0.036950734 0.999310613 -0.003623764 0.000161975 -0.004768885 0.003449865 0.999982655 0.000355781
0.999294400 0.037233301 0.004936903 0.000190813 -0.037215166 0.999300361 -0.003717115 0.000181843 -0.005071850 0.003530764 0.999980867 0.000365959
0.999267757 0.037973564 0.004701360 0.000254015 -0.037956439 0.999272645 -0.003677682 0.000220103 -0.004837596 0.003496542 0.999982238 0.000396510
0.999264538 0.038040340 0.004829300 0.000247388 -0.038022850 0.999270201 -0.003663207 0.000208571 -0.004965126 0.003476889 0.999981642 0.000416158
0.999260306 0.038183309 0.004575500 0.000285725 -0.038167112 0.999265015 -0.003575088 0.000188702 -0.004708647 0.003397810 0.999983191 0.000375508
0.999271154 0.037859827 0.004889867 0.000239837 -0.037841782 0.999276817 -0.003731150 0.000160281 -0.005027592 0.003543389 0.999981105 0.000405234
0.999264300 0.038034063 0.004936123 0.000200767 -0.038015913 0.999270260 -0.003721084 0.000194732 -0.005074049 0.003530695 0.999980927 0.000366070
0.999256670 0.038234480 0.004922452 0.000254754 -0.038216829 0.999262869 -0.003631401 0.000203009 -0.005057669 0.003440581 0.999981344 0.000443981
0.999247253 0.038482744 0.004901101 0.000257391 -0.038465381 0.999253571 -0.003589138 0.000178429 -0.005035563 0.003397914 0.999981582 0.000424560
0.999252141 0.038342923 0.004999758 0.000217198 -0.038324654 0.999258578 -0.003700222 0.000192466 -0.005137928 0.003505841 0.999980688 0.000392101
0.999241948 0.038607448 0.005017150 0.000216094 -0.038589656 0.999248683 -0.003595546 0.000193612 -0.005152196 0.003399210 0.999980986 0.000351608
0.999236166 0.038769413 0.004907031 0.000232895 -0.038752336 0.999242723 -0.003527270 0.000196738 -0.005040067 0.003334417 0.999981701 0.000349630
0.999249399 0.038416974 0.004974470 0.000213590 -0.038398799 0.999255657 -0.003699099 0.000172612 -0.005112877 0.003505309 0.999980807 0.000332727
0.999243259 0.038563773 0.005066863 0.000170554 -0.038545508 0.999250114 -0.003654327 0.000181390 -0.005203989 0.003456258 0.999980509 0.000346358
0.999225259 0.039048288 0.004912400 0.000231537 -0.039031167 0.999231696 -0.003533610 0.000181379 -0.005046608 0.003339136 0.999981642 0.000329184
0.999243140 0.038572218 0.005036338 0.000202177 -0.038554035 0.999249876 -0.003658055 0.000187648 -0.005173660 0.003461115 0.999980569 0.000328924
0.999232352 0.038850956 0.005028685 0.000223133 -0.038832232 0.999238610 -0.003768806 0.000193204 -0.005171279 0.003570638 0.999980271 0.000347074
0.999225378 0.039019082 0.005111925 0.000167835 -0.039000824 0.999232590 -0.003624587 0.000137843 -0.005249431 0.003422409 0.999980390 0.000422355
0.999214768 0.039294984 0.005066864 0.000168762 -0.039277148 0.999221921 -0.003572576 0.000185493 -0.005203307 0.003370759 0.999980748 0.000317484
0.999211192 0.039347578 0.005344048 0.000141838 -0.039328057 0.999219537 -0.003707978 0.000181207 -0.005485777 0.003494883 0.999978840 0.000366109
0.999219835 0.039132368 0.005326213 0.000180614 -0.039112721 0.999227703 -0.003744485 0.000158704 -0.005468631 0.003533241 0.999978781 0.000388576
0.999200284 0.039672945 0.004978420 0.000231325 -0.039655909 0.999207318 -0.003474931 0.000158538 -0.005112336 0.003274729 0.999981582 0.000345232
0.999192119 0.039863624 0.005096210 0.000216660 -0.039845645 0.999199390 -0.003581171 0.000163694 -0.005234890 0.003375216 0.999980569 0.000450702
0.999181449 0.040148687 0.004959064 0.000234024 -0.040131874 0.999188542 -0.003445225 0.000179595 -0.005093361 0.003243388 0.999981761 0.000326985
0.999194622 0.039778702 0.005270551 0.000174741 -0.039759900 0.999202669 -0.003623558 0.000155915 -0.005410490 0.003411083 0.999979556 0.000261685
0.999196887 0.039729811 0.005213011 0.000188375 -0.039712250 0.999205232 -0.003429784 0.000134948 -0.005345133 0.003220009 0.999980509 0.000307138
0.999198079 0.039695177 0.005245603 0.000176670 -0.039677508 0.999206603 -0.003431121 0.000109010 -0.005377641 0.003220238 0.999980330 0.000364539
0.999206424 0.039482180 0.005259697 0.000202001 -0.039464135 0.999214768 -0.003490687 0.000121280 -0.005393386 0.003280348 0.999980092 0.000369007
0.999189138 0.039922688 0.005221544 0.000182267 -0.039905582 0.999197841 -0.003341608 0.000117238 -0.005350762 0.003130530 0.999980748 0.000323642
0.999208391 0.039425217 0.005312128 0.000185282 -0.039406098 0.999216557 -0.003656292 0.000155469 -0.005452116 0.003444067 0.999979198 0.000350673
0.999189138 0.039909262 0.005330089 0.000172471 -0.039890222 0.999197423 -0.003632325 0.000166628 -0.005470775 0.003416761 0.999979198 0.000308908
0.999202549 0.039572015 0.005322879 0.000199227 -0.039551981 0.999210179 -0.003818372 0.000170243 -0.005469776 0.003604798 0.999978542 0.000341028
0.999187052 0.039944548 0.005451597 0.000166044 -0.039923772 0.999195218 -0.003868865 0.000203920 -0.005601751 0.003648072 0.999977648 0.000286319
0.999180257 0.040099017 0.005561846 0.000162923 -0.040079121 0.999189794 -0.003642916 0.000158086 -0.005703419 0.003417015 0.999977887 0.000342318
0.999165416 0.040507060 0.005258751 0.000187477 -0.040488821 0.999173701 -0.003528890 0.000136138 -0.005397351 0.003313024 0.999979973 0.000256495
0.999172270 0.040311523 0.005458262 0.000212648 -0.040291701 0.999181092 -0.003694018 0.000168355 -0.005602705 0.003471038 0.999978244 0.000405672
0.999179125 0.040141605 0.005454725 0.000222049 -0.040120922 0.999187291 -0.003850597 0.000173883 -0.005604863 0.003628588 0.999977708 0.000386390
0.999178350 0.040165491 0.005416731 0.000213767 -0.040145036 0.999186397 -0.003833784 0.000153978 -0.005566311 0.003613179 0.999978006 0.000345694
0.999189615 0.039877959 0.005457612 0.000208670 -0.039857339 0.999197960 -0.003836081 0.000143783 -0.005606210 0.003615446 0.999977827 0.000390255
0.999154806 0.040752668 0.005367186 0.000179608 -0.040731978 0.999162436 -0.003909328 0.000186298 -0.005522006 0.003687408 0.999977946 0.000341061
0.999168277 0.040413737 0.005426528 0.000169971 -0.040393021 0.999176383 -0.003873715 0.000147116 -0.005578611 0.003651299 0.999977767 0.000358680
0.999164999 0.040518738 0.005252113 0.000239926 -0.040498231 0.999171734 -0.003953840 0.000145808 -0.005407969 0.003737838 0.999978423 0.000402046
0.999143362 0.041031446 0.005377011 0.000240007 -0.041010991 0.999151170 -0.003858973 0.000159973 -0.005530787 0.003635150 0.999978125 0.000415085
0.999135733 0.041251712 0.005119526 0.000233662 -0.041232575 0.999142349 -0.003788691 0.000158546 -0.005271426 0.003574325 0.999979675 0.000350876
0.999140620 0.041126560 0.005152381 0.000249387 -0.041106507 0.999146938 -0.003939238 0.000175510 -0.005309994 0.003724057 0.999978960 0.000352958
0.999134600 0.041263599 0.005234094 0.000231443 -0.041243136 0.999141216 -0.003959603 0.000202107 -0.005392988 0.003740305 0.999978483 0.000283575
0.999135792 0.041203935 0.005452550 0.000194657 -0.041183643 0.999144435 -0.003783761 0.000182303 -0.005603791 0.003555936 0.999977946 0.000371198
0.999129772 0.041354705 0.005435021 0.000225374 -0.041334424 0.999138117 -0.003792175 0.000208749 -0.005587162 0.003564222 0.999978065 0.000381452
0.999136090 0.041188817 0.005521243 0.000210567 -0.041168533 0.999145210 -0.003738316 0.000213414 -0.005670500 0.003507785 0.999977827 0.000423954
0.999117136 0.041673008 0.005308067 0.000258193 -0.041653469 0.999125063 -0.003739713 0.000219521 -0.005459269 0.003515313 0.999978960 0.000411037
0.999121070 0.041558117 0.005472232 0.000239401 -0.041537967 0.999129832 -0.003745300 0.000193643 -0.005623118 0.003514703 0.999978065 0.000408997
0.999124885 0.041465882 0.005483787 0.000238721 -0.041446026 0.999133885 -0.003686643 0.000180314 -0.005631907 0.003456136 0.999978185 0.000417230
0.999111772 0.041782022 0.005455889 0.000246035 -0.041762557 0.999121010 -0.003634103 0.000199461 -0.005602934 0.003403024 0.999978542 0.000433840
0.999113262 0.041751668 0.005423115 0.000248724 -0.041732043 0.999122024 -0.003683363 0.000195578 -0.005572141 0.003453780 0.999978542 0.000420027
0.999113023 0.041763533 0.005377701 0.000241411 -0.041744541 0.999121845 -0.003596223 0.000191415 -0.005523168 0.003368543 0.999979138 0.000417310
0.999103785 0.041963425 0.005527360 0.000236895 -0.041944545 0.999113858 -0.003488726 0.000186486 -0.005668860 0.003253757 0.999978662 0.000498148
0.999085784 0.042411976 0.005352991 0.000283353 -0.042393155 0.999094605 -0.003581483 0.000185530 -0.005500041 0.003351278 0.999979317 0.000435099
0.999083817 0.042455994 0.005378038 0.000265414 -0.042437211 0.999092758 -0.003559997 0.000208118 -0.005524302 0.003328506 0.999979258 0.000470806
0.999075055 0.042663671 0.005374461 0.000278736 -0.042644985 0.999083996 -0.003545394 0.000177894 -0.005520798 0.003312921 0.999979317 0.000438474
0.999085367 0.042414397 0.005433935 0.000266682 -0.042395532 0.999094605 -0.003540761 0.000172726 -0.005579194 0.003307148 0.999979019 0.000447822
0.999075949 0.042653654 0.005283101 0.000282135 -0.042635571 0.999084532 -0.003488860 0.000160407 -0.005427078 0.003260388 0.999979973 0.000495418
0.999075174 0.042651709 0.005458088 0.000235239 -0.042631976 0.999083996 -0.003683006 0.000181520 -0.005610176 0.003446910 0.999978364 0.000484603
0.999075949 0.042631950 0.005453783 0.000249439 -0.042612124 0.999084771 -0.003700086 0.000205195 -0.005606533 0.003464270 0.999978304 0.000508658
0.999077976 0.042589247 0.005417096 0.000235968 -0.042570096 0.999086976 -0.003602729 0.000208264 -0.005565588 0.003368801 0.999978900 0.000419332
0.999072075 0.042726420 0.005423976 0.000265555 -0.042706966 0.999080956 -0.003653426 0.000212688 -0.005575089 0.003418394 0.999978662 0.000524909
0.999074459 0.042678416 0.005381729 0.000282607 -0.042658776 0.999082744 -0.003712784 0.000183291 -0.005535248 0.003479769 0.999978662 0.000463187
0.999067307 0.042831648 0.005489473 0.000251618 -0.042811636 0.999076247 -0.003712032 0.000210379 -0.005643395 0.003473556 0.999978065 0.000451698
0.999073446 0.042679481 0.005541222 0.000246030 -0.042658884 0.999082506 -0.003783333 0.000186108 -0.005697608 0.003543445 0.999977529 0.000479260
0.999070108 0.042766470 0.005477120 0.000244244 -0.042746071 0.999078751 -0.003789427 0.000193491 -0.005634135 0.003551778 0.999977827 0.000456018
0.999060512 0.042981777 0.005539339 0.000268342 -0.042961571 0.999069750 -0.003717114 0.000213085 -0.005693954 0.003475644 0.999977767 0.000499032
0.999071538 0.042719107 0.005573786 0.000249048 -0.042698719 0.999081016 -0.003726095 0.000191370 -0.005727839 0.003484642 0.999977589 0.000492513
0.999056518 0.043071724 0.005551713 0.000244192 -0.043050911 0.999065578 -0.003814879 0.000214001 -0.005710839 0.003572274 0.999977350 0.000462038
0.999063969 0.042902444 0.005524108 0.000227211 -0.042881578 0.999072790 -0.003841715 0.000189290 -0.005683805 0.003601237 0.999977410 0.000425089
0.999070466 0.042756129 0.005488058 0.000274433 -0.042734560 0.999078453 -0.003988589 0.000222118 -0.005653537 0.003750351 0.999977052 0.000457664
0.999051809 0.043168392 0.005641856 0.000246565 -0.043146636 0.999060988 -0.003923689 0.000210560 -0.005805939 0.003676542 0.999976397 0.000469278
0.999052167 0.043165769 0.005613108 0.000249240 -0.043145474 0.999062002 -0.003686666 0.000200446 -0.005766980 0.003440991 0.999977469 0.000475427
0.999057531 0.043054000 0.005516573 0.000270320 -0.043033730 0.999066591 -0.003742124 0.000200933 -0.005672537 0.003501199 0.999977827 0.000452305
0.999030471 0.043669958 0.005561518 0.000254018 -0.043649133 0.999039650 -0.003812219 0.000238812 -0.005722657 0.003565767 0.999977291 0.000456951
0.999055445 0.043076389 0.005683631 0.000215070 -0.043055285 0.999065518 -0.003785033 0.000177937 -0.005841365 0.003536748 0.999976695 0.000413916
0.999051869 0.043150954 0.005754591 0.000229131 -0.043129917 0.999062538 -0.003731080 0.000168968 -0.005910196 0.003479348 0.999976516 0.000536776
0.999060571 0.042952303 0.005733949 0.000234946 -0.042930439 0.999070525 -0.003884672 0.000163237 -0.005895475 0.003634863 0.999975979 0.000507455
0.999060690 0.042935237 0.005846385 0.000211943 -0.042913772 0.999071777 -0.003748725 0.000139972 -0.006001912 0.003494314 0.999975860 0.000497654
0.999055862 0.043038204 0.005906873 0.000191735 -0.043015786 0.999066889 -0.003872855 0.000178569 -0.006068042 0.003615109 0.999975026 0.000484898
0.999044657 0.043313958 0.005784471 0.000247829 -0.043293037 0.999055624 -0.003695886 0.000155443 -0.005939092 0.003441927 0.999976397 0.000509491
0.999039531 0.043423261 0.005849849 0.000223933 -0.043401185 0.999050260 -0.003849238 0.000162196 -0.006011440 0.003591651 0.999975443 0.000505295
0.999045432 0.043293845 0.005801842 0.000205384 -0.043272760 0.999056399 -0.003713581 0.000164430 -0.005957144 0.003458976 0.999976277 0.000542812
0.999036193 0.043491565 0.005923884 0.000195828 -0.043469366 0.999047518 -0.003826747 0.000184030 -0.006084673 0.003565551 0.999975085 0.000503514
0.999050617 0.043151468 0.005980171 0.000168377 -0.043128084 0.999061584 -0.003987616 0.000178133 -0.006146632 0.003725917 0.999974132 0.000498492
0.999042332 0.043342363 0.005972436 0.000194861 -0.043319985 0.999053955 -0.003827465 0.000166889 -0.006132678 0.003565073 0.999974847 0.000512672
0.999041200 0.043398403 0.005741043 0.000227486 -0.043376222 0.999051154 -0.003934100 0.000153802 -0.005906329 0.003681303 0.999975741 0.000514209
0.999034822 0.043535925 0.005810192 0.000209127 -0.043513164 0.999044895 -0.003988901 0.000156392 -0.005978305 0.003732232 0.999975145 0.000489148
0.999047339 0.043242387 0.005861884 0.000241199 -0.043219641 0.999057829 -0.003954833 0.000140323 -0.006027379 0.003697717 0.999974966 0.000529057
0.999033749 0.043541368 0.005959522 0.000180870 -0.043519486 0.999045610 -0.003755434 0.000133704 -0.006117351 0.003492450 0.999975204 0.000518693
0.999032617 0.043591183 0.005786043 0.000222066 -0.043569773 0.999043345 -0.003777127 0.000163514 -0.005945157 0.003521377 0.999976158 0.000469475
0.999029398 0.043651208 0.005887764 0.000206750 -0.043629415 0.999040663 -0.003781084 0.000169753 -0.006047165 0.003520534 0.999975502 0.000487374
0.999017835 0.043887220 0.006084582 0.000177456 -0.043865059 0.999030530 -0.003729526 0.000156129 -0.006242362 0.003458963 0.999974489 0.000516653
0.999012053 0.044041470 0.005925245 0.000193297 -0.044020280 0.999023914 -0.003661745 0.000145035 -0.006080730 0.003397297 0.999975741 0.000446908
0.999017358 0.043912016 0.005986842 0.000183214 -0.043889280 0.999028921 -0.003876933 0.000183772 -0.006151272 0.003610365 0.999974489 0.000404294
0.999022245 0.043813806 0.005894760 0.000225832 -0.043791953 0.999033451 -0.003788049 0.000163815 -0.006055032 0.003526202 0.999975443 0.000471648
0.999009490 0.044090629 0.005992732 0.000191403 -0.044068944 0.999021590 -0.003704696 0.000158694 -0.006150211 0.003436934 0.999975204 0.000467369
0.999024689 0.043761879 0.005862884 0.000222550 -0.043740258 0.999035895 -0.003767598 0.000132438 -0.006022110 0.003507480 0.999975681 0.000468198
0.999011755 0.044058263 0.005841312 0.000236293 -0.044036236 0.999022484 -0.003849264 0.000153121 -0.006005194 0.003588231 0.999975562 0.000523470
0.999013960 0.043994632 0.005953340 0.000216283 -0.043971974 0.999025106 -0.003885944 0.000167367 -0.006118498 0.003620332 0.999974728 0.000567699
0.998995364 0.044407092 0.006002819 0.000169284 -0.044384994 0.999007404 -0.003767324 0.000152470 -0.006164158 0.003497104 0.999974847 0.000500539
0.999010921 0.044039361 0.006119493 0.000167473 -0.044015326 0.999022901 -0.004009259 0.000206573 -0.006290080 0.003735943 0.999973238 0.000536546
0.999003649 0.044245660 0.005827902 0.000238676 -0.044223014 0.999013782 -0.003959285 0.000184111 -0.005997336 0.003697612 0.999975204 0.000492643
0.999000847 0.044308163 0.005829671 0.000242008 -0.044285648 0.999011159 -0.003935540 0.000170058 -0.005998283 0.003673437 0.999975264 0.000491591
0.998983622 0.044713967 0.005702310 0.000231079 -0.044692222 0.998993278 -0.003885349 0.000173483 -0.005870298 0.003626551 0.999976218 0.000437071
0.998983324 0.044705212 0.005808919 0.000226634 -0.044682976 0.998993516 -0.003903777 0.000169435 -0.005977592 0.003640248 0.999975562 0.000444365
0.998988152 0.044594489 0.005825574 0.000221132 -0.044571437 0.998997986 -0.004028522 0.000189396 -0.005999386 0.003764792 0.999974966 0.000504459
0.998984516 0.044686340 0.005739784 0.000263324 -0.044663727 0.998993933 -0.004009177 0.000193091 -0.005913165 0.003748745 0.999975502 0.000549923
0.998987138 0.044631351 0.005721076 0.000237585 -0.044608958 0.998996615 -0.003983129 0.000171615 -0.005893107 0.003723884 0.999975741 0.000450734
0.998978555 0.044825595 0.005712669 0.000244821 -0.044804059 0.998988330 -0.003843112 0.000152950 -0.005879160 0.003583234 0.999976337 0.000524988
0.998978138 0.044840146 0.005670722 0.000243676 -0.044818338 0.998987436 -0.003916718 0.000187778 -0.005840606 0.003658562 0.999976277 0.000527762
0.998977304 0.044828009 0.005898300 0.000218947 -0.044804886 0.998987734 -0.003995894 0.000195304 -0.006071458 0.003727533 0.999974668 0.000539272
0.998982310 0.044737224 0.005740969 0.000232433 -0.044714250 0.998991430 -0.004069533 0.000192993 -0.005917239 0.003808688 0.999975264 0.000538644
0.998982191 0.044737671 0.005756252 0.000251450 -0.044714842 0.998991609 -0.004034663 0.000187853 -0.005930948 0.003773166 0.999975324 0.000525005
0.998969257 0.045027256 0.005738064 0.000254401 -0.045004841 0.998978913 -0.003977241 0.000180982 -0.005911289 0.003714901 0.999975622 0.000509721
0.998978555 0.044805188 0.005851234 0.000239716 -0.044781566 0.998988271 -0.004107595 0.000185642 -0.006029356 0.003841372 0.999974430 0.000502688
0.998970091 0.045003798 0.005784153 0.000251288 -0.044981096 0.998979807 -0.003997496 0.000170809 -0.005958154 0.003733201 0.999975324 0.000516896
0.998968244 0.045032527 0.005878136 0.000228367 -0.045008972 0.998978198 -0.004079063 0.000207072 -0.006055821 0.003810285 0.999974430 0.000531254
0.998963535 0.045140453 0.005845988 0.000234850 -0.045117173 0.998973548 -0.004053498 0.000182294 -0.006022964 0.003785542 0.999974728 0.000497792
0.998952210 0.045392547 0.005818482 0.000232655 -0.045369048 0.998961866 -0.004108792 0.000176919 -0.005998950 0.003840508 0.999974608 0.000479446
0.998944342 0.045565285 0.005819692 0.000237058 -0.045541894 0.998953998 -0.004088591 0.000179478 -0.005999902 0.003819235 0.999974728 0.000500527
0.998933494 0.045795057 0.005879507 0.000246960 -0.045772765 0.998944402 -0.003871713 0.000191193 -0.006050605 0.003598462 0.999975264 0.000533764
0.998945057 0.045554623 0.005788068 0.000233897 -0.045532793 0.998955369 -0.003848615 0.000171983 -0.005957344 0.003581008 0.999975801 0.000487407
0.998950899 0.045419425 0.005846852 0.000236860 -0.045396127 0.998960853 -0.004057317 0.000153729 -0.006025057 0.003787635 0.999974728 0.000507177
0.998946369 0.045514662 0.005882111 0.000219815 -0.045490947 0.998956323 -0.004104265 0.000194991 -0.006062775 0.003832357 0.999974310 0.000517230
0.998928785 0.045914654 0.005771030 0.000243250 -0.045892280 0.998938501 -0.003952423 0.000189638 -0.005946378 0.003683342 0.999975562 0.000502613
0.998940468 0.045649324 0.005824047 0.000246213 -0.045626193 0.998950362 -0.004043986 0.000169635 -0.006002538 0.003773973 0.999974847 0.000506549
0.998942614 0.045600273 0.005841846 0.000244201 -0.045576919 0.998952508 -0.004070783 0.000190877 -0.006021355 0.003800225 0.999974668 0.000509541
0.998933911 0.045801312 0.005751295 0.000245655 -0.045779720 0.998944163 -0.003832105 0.000164021 -0.005920737 0.003564727 0.999976158 0.000472144
0.998934329 0.045779321 0.005859184 0.000235677 -0.045756880 0.998944879 -0.003908079 0.000191010 -0.006031910 0.003635816 0.999975204 0.000519740
0.998945415 0.045546521 0.005792682 0.000242288 -0.045524258 0.998955548 -0.003918712 0.000198709 -0.005965115 0.003650872 0.999975562 0.000508913
0.998946130 0.045525610 0.005822503 0.000256327 -0.045503721 0.998956800 -0.003838113 0.000194709 -0.005991160 0.003569122 0.999975741 0.000521688
0.998919785 0.046106227 0.005778745 0.000237138 -0.046085473 0.998930693 -0.003674150 0.000178345 -0.005941966 0.003403865 0.999976635 0.000468586
0.998923421 0.046021942 0.005837966 0.000237115 -0.046000265 0.998934150 -0.003795380 0.000172164 -0.006006415 0.003522745 0.999975801 0.000469303
0.998915136 0.046180937 0.005982778 0.000240938 -0.046159748 0.998927414 -0.003631473 0.000197706 -0.006144066 0.003351370 0.999975562 0.000547740
0.998919904 0.046084072 0.005924337 0.000214385 -0.046062268 0.998931468 -0.003765867 0.000184049 -0.006091553 0.003488911 0.999975383 0.000450979
0.998924136 0.046000317 0.005870192 0.000241585 -0.045978289 0.998934984 -0.003834323 0.000185204 -0.006040320 0.003560296 0.999975443 0.000487283
0.998925567 0.045957666 0.005970974 0.000239066 -0.045935210 0.998937011 -0.003845755 0.000183091 -0.006141369 0.003567345 0.999974847 0.000469314
0.998915434 0.046178851 0.005944103 0.000231831 -0.046157114 0.998927116 -0.003742968 0.000169497 -0.006110571 0.003464546 0.999975324 0.000443901
0.998927474 0.045933392 0.005837599 0.000234222 -0.045911703 0.998938262 -0.003797614 0.000145477 -0.006005838 0.003525526 0.999975801 0.000402361
0.998899579 0.046558712 0.005650003 0.000239622 -0.046539064 0.998910069 -0.003560655 0.000156509 -0.005809624 0.003293790 0.999977708 0.000436270
0.998901486 0.046499185 0.005790697 0.000232813 -0.046478018 0.998912334 -0.003737050 0.000174621 -0.005958168 0.003463804 0.999976277 0.000423197
0.998916328 0.046172097 0.005861802 0.000230760 -0.046150044 0.998927116 -0.003845226 0.000173613 -0.006033055 0.003570537 0.999975383 0.000453571
0.998906791 0.046374410 0.005881634 0.000226008 -0.046351876 0.998917460 -0.003911371 0.000166595 -0.006056654 0.003634470 0.999975085 0.000420248
0.998883188 0.046884183 0.005840065 0.000237501 -0.046863005 0.998894393 -0.003711630 0.000173202 -0.006007624 0.003433802 0.999976039 0.000442594
0.998888910 0.046764363 0.005833072 0.000223559 -0.046742573 0.998899639 -0.003817430 0.000171882 -0.006005173 0.003540534 0.999975741 0.000426250
0.998903036 0.046452429 0.005902780 0.000237819 -0.046429638 0.998913825 -0.003939528 0.000196269 -0.006079368 0.003661142 0.999974847 0.000521475
0.998919010 0.046095148 0.006004293 0.000244664 -0.046070825 0.998929560 -0.004128871 0.000198097 -0.006188188 0.003847784 0.999973476 0.000520705
0.998880684 0.046905331 0.006078130 0.000220096 -0.046882268 0.998892844 -0.003883361 0.000206070 -0.006253551 0.003594059 0.999973953 0.000474240
0.998890758 0.046690509 0.006079869 0.000205113 -0.046667371 0.998902857 -0.003894072 0.000199537 -0.006255015 0.003606021 0.999973953 0.000428966
0.998883426 0.046856578 0.006011856 0.000217394 -0.046833523 0.998894989 -0.003919946 0.000184849 -0.006188888 0.003634013 0.999974251 0.000404623
0.998869777 0.047147427 0.006008345 0.000207297 -0.047125224 0.998881757 -0.003786332 0.000205616 -0.006180141 0.003498908 0.999974787 0.000430015
0.998880804 0.046892669 0.006155070 0.000191005 -0.046869501 0.998893559 -0.003856229 0.000189423 -0.006329088 0.003563428 0.999973655 0.000398075
0.998881638 0.046888940 0.006052186 0.000202454 -0.046865959 0.998893619 -0.003885032 0.000197473 -0.006227654 0.003597046 0.999974191 0.000398088
0.998882592 0.046858691 0.006125140 0.000189645 -0.046834975 0.998894751 -0.003959440 0.000200866 -0.006303904 0.003668145 0.999973416 0.000423016
0.998890162 0.046681877 0.006248017 0.000201332 -0.046657309 0.998902857 -0.004021660 0.000193871 -0.006428899 0.003725681 0.999972463 0.000447179
0.998874128 0.047044970 0.006078419 0.000194850 -0.047021527 0.998885989 -0.003945778 0.000220992 -0.006257277 0.003655518 0.999973774 0.000396731
0.998872757 0.047074679 0.006076475 0.000217681 -0.047051076 0.998884559 -0.003970137 0.000207881 -0.006256590 0.003679757 0.999973714 0.000442360
0.998870432 0.047121346 0.006082922 0.000204022 -0.047097985 0.998882473 -0.003928387 0.000213875 -0.006261235 0.003637456 0.999973834 0.000425122
0.998880386 0.046915457 0.006045376 0.000207826 -0.046892129 0.998892069 -0.003945038 0.000203069 -0.006223761 0.003657141 0.999973953 0.000425926
0.998880267 0.046894796 0.006230453 0.000186603 -0.046870451 0.998892963 -0.003997985 0.000213729 -0.006411040 0.003701484 0.999972641 0.000429447
0.998878181 0.046948407 0.006158129 0.000195628 -0.046924617 0.998890519 -0.003952476 0.000194745 -0.006336858 0.003659074 0.999973238 0.000413066
0.998875439 0.047006167 0.006159752 0.000198988 -0.046981767 0.998887420 -0.004049642 0.000213588 -0.006343257 0.003755692 0.999972880 0.000395675
0.998876035 0.046992905 0.006170156 0.000196535 -0.046968281 0.998888075 -0.004076782 0.000228283 -0.006354874 0.003782399 0.999972701 0.000446079
0.998858929 0.047357857 0.006153531 0.000206946 -0.047333922 0.998871148 -0.003980040 0.000211509 -0.006335071 0.003684228 0.999973178 0.000459551
0.998875916 0.047004905 0.006080511 0.000209845 -0.046981052 0.998887718 -0.004007980 0.000202765 -0.006262142 0.003717806 0.999973536 0.000435627
0.998863995 0.047261268 0.006072349 0.000214649 -0.047237385 0.998875558 -0.004018939 0.000218368 -0.006255461 0.003727531 0.999973536 0.000448823
0.998869121 0.047141068 0.006146898 0.000220000 -0.047116857 0.998881221 -0.004025349 0.000216655 -0.006329780 0.003731175 0.999973059 0.000512654
0.998870373 0.047118299 0.006128388 0.000217228 -0.047093574 0.998881996 -0.004117503 0.000231991 -0.006315545 0.003824245 0.999972761 0.000506521
0.998868525 0.047138274 0.006267103 0.000207319 -0.047113258 0.998881161 -0.004080704 0.000232247 -0.006452449 0.003780824 0.999972105 0.000504478
0.998867571 0.047171157 0.006182243 0.000211228 -0.047146782 0.998879790 -0.004030723 0.000213287 -0.006365450 0.003734685 0.999972820 0.000486076
0.998863459 0.047255822 0.006207168 0.000212427 -0.047230829 0.998875439 -0.004114905 0.000243395 -0.006394641 0.003817058 0.999972284 0.000487485
0.998862803 0.047276750 0.006138843 0.000205280 -0.047252774 0.998874903 -0.003993332 0.000212120 -0.006320727 0.003698714 0.999973238 0.000450737
0.998853087 0.047474116 0.006203999 0.000190106 -0.047450129 0.998865664 -0.003958350 0.000207786 -0.006384881 0.003659429 0.999972939 0.000441918
0.998866856 0.047186431 0.006184990 0.000207893 -0.047161616 0.998878837 -0.004098965 0.000224909 -0.006371470 0.003802627 0.999972522 0.000444039
