1.000000000 0.000000000 0.000000000 0.000000000 0.000000000 1.000000000 0.000000000 0.000000000 0.000000000 0.000000000 1.000000000 0.000000000
0.999987423 0.000316124 0.005009283 -0.000087295 -0.000325196 0.999998331 0.001810456 -0.000047795 -0.005008704 -0.001812062 0.999985814 -0.000419520
0.999924839 0.004209156 0.011507953 -0.000099949 -0.004229552 0.999989510 0.001748640 0.000231879 -0.011500471 -0.001797182 0.999932230 0.000257712
0.999068141 -0.000192323 0.043162938 0.000294640 -0.000120008 0.999973834 0.007233382 -0.000134376 -0.043163214 -0.007231820 0.999041796 0.000970206
0.999054432 0.000323833 0.043476541 0.000303965 -0.000611062 0.999978125 0.006593392 -0.000034421 -0.043473445 -0.006613724 0.999032617 0.000992594
0.999078810 -0.000385765 0.042910732 0.000344030 0.000069572 0.999972820 0.007369881 -0.000090445 -0.042912409 -0.007360107 0.999051690 0.000975834
0.999080181 -0.000703876 0.042873684 0.000206545 0.000350752 0.999965906 0.008243359 -0.000144479 -0.042878032 -0.008220740 0.999046504 0.000798337
0.999187410 -0.001986920 0.040255014 -0.000003749 0.001600995 0.999952435 0.009616962 0.000010657 -0.040272217 -0.009544704 0.999143124 0.000514151
0.999283195 -0.005318095 0.037479684 -0.000268757 0.004873286 0.999916673 0.011949405 -0.000205108 -0.037540115 -0.011758192 0.999225914 -0.000139865
0.998969555 -0.036873706 0.026460856 -0.001793528 0.036670495 0.999294341 0.008124443 -0.000834331 -0.026741765 -0.007145740 0.999616802 -0.001090057
0.998624265 -0.004629771 -0.052231766 0.000066549 0.003955060 0.999907494 -0.013013638 -0.000088836 0.052287180 0.012789155 0.998550236 -0.000978593
0.997555733 0.000034791 -0.069874577 0.000290183 -0.001241478 0.999850810 -0.017225977 0.000198744 0.069863565 0.017270623 0.997406960 -0.001650240
0.994526625 -0.006476299 -0.104282826 0.001001462 0.004072343 0.999721527 -0.023248730 0.000245832 0.104404345 0.022696797 0.994275928 -0.004375683
0.983831108 -0.003675443 -0.179061204 0.010052812 -0.003122253 0.999285579 -0.037666384 0.000785173 0.179071695 0.037616421 0.983116627 -0.000040547
0.973388076 -0.002930350 -0.229144081 0.000124065 -0.008864322 0.998688400 -0.050426502 0.000396049 0.228991315 0.051115759 0.972085416 -0.001514652
0.953135312 -0.014488617 -0.302197248 -0.004523240 -0.006935990 0.997543752 -0.069702715 0.007629295 0.302464843 0.068532147 0.950693607 -0.032260194
0.921649456 -0.027549917 -0.387044311 0.001721659 -0.004990480 0.996552169 -0.082818434 -0.002672465 0.387991548 0.078261085 0.918334246 -0.010223112
0.888250232 -0.022276413 -0.458819449 0.006965864 -0.026704339 0.994630158 -0.099989049 0.004764610 0.458583057 0.101067767 0.882885516 -0.027886832
0.871917963 -0.017495306 -0.489339262 -0.015116170 -0.037386972 0.994065344 -0.102157854 -0.003314696 0.488222510 0.107368186 0.866089344 0.104919672
0.870628417 -0.043485850 -0.490015477 0.004220650 -0.010371394 0.994241357 -0.106660038 -0.001739894 0.491831899 0.097943388 0.865163743 -0.014663952
0.870628417 -0.043485850 -0.490015477 0.004220650 -0.010371394 0.994241357 -0.106660038 -0.001739894 0.491831899 0.097943388 0.865163743 -0.014663952
0.870628417 -0.043485850 -0.490015477 0.004220650 -0.010371394 0.994241357 -0.106660038 -0.001739894 0.491831899 0.097943388 0.865163743 -0.014663952
0.870628417 -0.043485850 -0.490015477 0.004220650 -0.010371394 0.994241357 -0.106660038 -0.001739894 0.491831899 0.097943388 0.865163743 -0.014663952
0.870628417 -0.043485850 -0.490015477 0.004220650 -0.010371394 0.994241357 -0.106660038 -0.001739894 0.491831899 0.097943388 0.865163743 -0.014663952
0.870628417 -0.043485850 -0.490015477 0.004220650 -0.010371394 0.994241357 -0.106660038 -0.001739894 0.491831899 0.097943388 0.865163743 -0.014663952
0.870628417 -0.043485850 -0.490015477 0.004220650 -0.010371394 0.994241357 -0.106660038 -0.001739894 0.491831899 0.097943388 0.865163743 -0.014663952
0.812850177 -0.066643223 -0.578647733 0.024417598 -0.014741356 0.990761220 -0.134814367 0.000188483 0.582286239 0.118113928 0.804358006 -0.089980863
0.812850177 -0.066643223 -0.578647733 0.024417598 -0.014741356 0.990761220 -0.134814367 0.000188483 0.582286239 0.118113928 0.804358006 -0.089980863
0.812850177 -0.066643223 -0.578647733 0.024417598 -0.014741356 0.990761220 -0.134814367 0.000188483 0.582286239 0.118113928 0.804358006 -0.089980863
0.812850177 -0.066643223 -0.578647733 0.024417598 -0.014741356 0.990761220 -0.134814367 0.000188483 0.582286239 0.118113928 0.804358006 -0.089980863
0.812850177 -0.066643223 -0.578647733 0.024417598 -0.014741356 0.990761220 -0.134814367 0.000188483 0.582286239 0.118113928 0.804358006 -0.089980863
0.812850177 -0.066643223 -0.578647733 0.024417598 -0.014741356 0.990761220 -0.134814367 0.000188483 0.582286239 0.118113928 0.804358006 -0.089980863
0.812850177 -0.066643223 -0.578647733 0.024417598 -0.014741356 0.990761220 -0.134814367 0.000188483 0.582286239 0.118113928 0.804358006 -0.089980863
0.812850177 -0.066643223 -0.578647733 0.024417598 -0.014741356 0.990761220 -0.134814367 0.000188483 0.582286239 0.118113928 0.804358006 -0.089980863
0.812850177 -0.066643223 -0.578647733 0.024417598 -0.014741356 0.990761220 -0.134814367 0.000188483 0.582286239 0.118113928 0.804358006 -0.089980863
0.817378521 -0.028050330 -0.575417638 0.005917441 -0.050464585 0.991488218 -0.120017588 0.004406459 0.573886454 0.127138004 0.809005678 -0.016730892
0.817378521 -0.028050330 -0.575417638 0.005917441 -0.050464585 0.991488218 -0.120017588 0.004406459 0.573886454 0.127138004 0.809005678 -0.016730892
0.817378521 -0.028050330 -0.575417638 0.005917441 -0.050464585 0.991488218 -0.120017588 0.004406459 0.573886454 0.127138004 0.809005678 -0.016730892
0.831400454 -0.033272836 -0.554676592 -0.012256553 -0.036419548 0.992796540 -0.114142880 -0.009326507 0.554478884 0.115099527 0.824199736 0.065256834
0.831400454 -0.033272836 -0.554676592 -0.012256553 -0.036419548 0.992796540 -0.114142880 -0.009326507 0.554478884 0.115099527 0.824199736 0.065256834
0.848843455 -0.022636520 -0.528159380 -0.026416216 -0.043606207 0.992679834 -0.112628251 0.006131317 0.526842654 0.118634760 0.841642797 0.072631329
0.868796289 -0.004058661 -0.495153010 0.003889319 -0.054735966 0.993051112 -0.104179628 0.002761722 0.492135108 0.117613539 0.862536907 -0.013479836
0.881670296 -0.010455236 -0.471750021 0.005155352 -0.042493388 0.993933082 -0.101445600 0.004099965 0.469948649 0.109487817 0.875877023 -0.022173902
0.881670296 -0.010455236 -0.471750021 0.005155352 -0.042493388 0.993933082 -0.101445600 0.004099965 0.469948649 0.109487817 0.875877023 -0.022173902
0.908626795 -0.008694547 -0.417518377 0.002192131 -0.032124937 0.995365441 -0.090639919 0.001664879 0.416371465 0.095770597 0.904136479 -0.014336144
0.908626795 -0.008694547 -0.417518377 0.002192131 -0.032124937 0.995365441 -0.090639919 0.001664879 0.416371465 0.095770597 0.904136479 -0.014336144
0.908626795 -0.008694547 -0.417518377 0.002192131 -0.032124937 0.995365441 -0.090639919 0.001664879 0.416371465 0.095770597 0.904136479 -0.014336144
0.950740218 0.002647287 -0.309977502 0.000574849 -0.025899015 0.997145772 -0.070919678 0.000925385 0.308904976 0.075454295 0.948095024 -0.006323136
0.963456869 0.002566621 -0.267851144 -0.000354701 -0.020229109 0.997795641 -0.063202679 0.001075806 0.267098516 0.066311441 0.961385012 -0.006546024
0.978608131 0.002954431 -0.205711469 -0.000242886 -0.013472898 0.998670757 -0.049750205 0.000515650 0.205291048 0.051457476 0.977347195 -0.004403720
0.982367218 0.004024430 -0.186918676 0.000186592 -0.012948016 0.998832405 -0.046544179 0.000184797 0.186513066 0.048143707 0.981272161 -0.002838579
0.989088774 0.005773473 -0.147207037 0.000380225 -0.011332263 0.999252796 -0.036951073 0.000237818 0.146883711 0.038216081 0.988415182 -0.003852933
0.993536055 0.007339791 -0.113279298 0.000312951 -0.010854772 0.999477565 -0.030443799 0.000345129 0.112996675 0.031476639 0.993096650 -0.002448230
0.999774337 0.005094741 -0.020617349 -0.000448661 -0.005331338 0.999920309 -0.011436997 0.000036628 0.020557461 0.011544333 0.999721944 -0.001886573
0.999934077 0.005085963 0.010294298 -0.000123031 -0.005025230 0.999969840 -0.005916841 0.000365201 -0.010324080 0.005864720 0.999929488 -0.001414585
0.999134660 -0.001269636 0.041573845 0.004777763 0.001098610 0.999990821 0.004136411 0.001559464 -0.041578714 -0.004087158 0.999126911 -0.004491154
0.990015686 0.002354511 0.140936971 -0.000552154 -0.005844227 0.999686360 0.024352053 0.000116935 -0.140835404 -0.024932584 0.989719033 0.001641896
0.981316149 -0.006157406 0.192303702 -0.002035449 -0.001394399 0.999233842 0.039110195 -0.001137203 -0.192397177 -0.038647611 0.980555832 0.004076282
0.977689266 -0.012380799 0.209691241 -0.000461547 0.002946840 0.998971701 0.045242589 -0.000055891 -0.210035741 -0.043615259 0.976720393 0.000564568
0.977625549 -0.012690976 0.209969506 -0.000493052 0.003267596 0.998974144 0.045165949 -0.000005399 -0.210327312 -0.043469299 0.976664126 0.000787979
0.977644026 -0.013748251 0.209817007 -0.000659797 0.004257405 0.998949885 0.045618743 -0.000079823 -0.210223854 -0.043705616 0.976675868 0.000639476
0.977523506 -0.012511114 0.210455239 -0.000590139 0.003129497 0.998988628 0.044851843 -0.000094029 -0.210803553 -0.043185115 0.976574004 0.000869722
0.977504730 -0.012593283 0.210537344 -0.000572533 0.003161618 0.998978496 0.045074794 -0.000170220 -0.210889906 -0.043395184 0.976545990 0.000839898
0.977581441 -0.012610498 0.210179895 -0.000548193 0.003155034 0.998970091 0.045262218 -0.000173845 -0.210534215 -0.043584380 0.976614356 0.000804363
0.977611482 -0.012364675 0.210054636 -0.000601725 0.002955120 0.998980284 0.045050714 -0.000181854 -0.210397497 -0.043421358 0.976651132 0.000849104
0.978624582 -0.010438683 0.205389798 -0.000675357 0.001501961 0.999047041 0.043618910 0.000004664 -0.205649376 -0.042378049 0.977707744 0.000281704
0.978664935 -0.009970365 0.205220774 -0.000646642 0.000930298 0.999026716 0.044099879 -0.000077319 -0.205460712 -0.042968087 0.977721632 0.000401571
0.980415642 -0.014953155 0.196370974 -0.000599011 0.006634593 0.999055088 0.042951193 -0.000255048 -0.196827680 -0.040807176 0.979588509 0.000157695
0.983886957 -0.009709797 0.178527817 -0.000428769 0.003261767 0.999332905 0.036375880 -0.000179726 -0.178761899 -0.035207443 0.983262181 -0.000204470
0.986277401 -0.012041287 0.164656997 -0.000515149 0.006507010 0.999396920 0.034109134 -0.000302576 -0.164968416 -0.032569643 0.985760987 0.000654932
0.987614334 -0.008224078 0.156685114 -0.000612669 0.003587253 0.999547899 0.029853098 -0.000015240 -0.156859785 -0.028921284 0.987197280 -0.000629190
0.990878165 -0.008892665 0.134466320 -0.000634625 0.005634592 0.999681592 0.024590833 0.000117670 -0.134642214 -0.023608863 0.990613043 -0.000673099
0.992207050 -0.005749444 0.124466918 -0.000792645 0.003094775 0.999763727 0.021511169 0.000307985 -0.124561198 -0.020958342 0.991990566 -0.000881431
0.993971109 -0.007281581 0.109400555 -0.000812140 0.004699823 0.999704838 0.023838475 -0.000183508 -0.109541841 -0.023180593 0.993711829 -0.000745391
0.995424747 -0.003490858 0.095486246 -0.000559424 0.001012035 0.999661565 0.025996121 -0.000374891 -0.095544674 -0.025780542 0.995091259 -0.000352257
0.997910678 -0.000304261 0.064607866 0.000298251 -0.000416918 0.999937773 0.011148626 -0.000090741 -0.064607233 -0.011152270 0.997848392 0.000614657
0.998364449 0.000799318 0.057164285 -0.000071347 -0.001065354 0.999988735 0.004623557 -0.000234168 -0.057159938 -0.004676894 0.998354077 0.001232945
0.998674273 0.002934201 0.051391304 0.000124015 -0.002759429 0.999990165 -0.003471436 -0.000335807 -0.051400989 0.003325023 0.998672485 0.001301617
0.999288321 0.001326692 0.037698522 -0.000100406 -0.001121095 0.999984324 -0.005474329 -0.000313213 -0.037705194 0.005428169 0.999274194 0.000301176
0.999809086 0.002436998 0.019386679 -0.000176131 -0.002273205 0.999961495 -0.008466273 -0.000267920 -0.019406566 0.008420586 0.999776244 0.000432361
0.999919057 0.001866676 0.012587624 -0.000236332 -0.001763840 0.999965012 -0.008175742 -0.000262077 -0.012602444 0.008152877 0.999887347 0.000296437
0.999912858 0.001115863 -0.013152145 -0.000077079 -0.001247994 0.999948800 -0.010042440 -0.000233164 0.013140262 0.010057978 0.999863029 0.000222475
0.999769211 0.003310004 -0.021225970 -0.000172314 -0.003563128 0.999922872 -0.011898464 -0.000169101 0.021184953 0.011971348 0.999703884 0.000084500
0.999703944 0.001912554 -0.024255289 -0.000241169 -0.002224118 0.999915302 -0.012824712 -0.000198953 0.024228705 0.012874860 0.999623537 -0.000143608
0.999045014 -0.000726409 -0.043683399 -0.000089920 -0.000004782 0.999859929 -0.016736003 -0.000419860 0.043689422 0.016720235 0.998905241 -0.000330340
0.997600317 0.002148053 -0.069203362 -0.000090945 -0.003783231 0.999716520 -0.023506198 -0.000118526 0.069133267 0.023711601 0.997325599 -0.000919002
0.997276902 0.002403121 -0.073707737 -0.000089976 -0.004194643 0.999699235 -0.024160586 -0.000063973 0.073627524 0.024403973 0.996987224 -0.001106504
0.996437073 0.003494564 -0.084266230 -0.000058410 -0.005776420 0.999622703 -0.026850540 -0.000115993 0.084140614 0.027241627 0.996081591 -0.000978893
0.996246934 0.002403140 -0.086522974 -0.000187987 -0.004701098 0.999641359 -0.026364988 -0.000126318 0.086428583 0.026672792 0.995900929 -0.001318392
0.995059609 0.002691149 -0.099242978 -0.000203461 -0.005735622 0.999521196 -0.030404419 -0.000098571 0.099113621 0.030823428 0.994598627 -0.001371571
0.994593203 0.002751505 -0.103812307 -0.000312735 -0.006039435 0.999489605 -0.031370848 -0.000146030 0.103673004 0.031828199 0.994102061 -0.001446978
0.993004262 0.001114043 -0.118072785 -0.000157216 -0.005265774 0.999378383 -0.034856349 -0.000039944 0.117960557 0.035234246 0.992393017 -0.001682307
0.991784513 0.000140560 -0.127919883 -0.000150112 -0.004925686 0.999299645 -0.037091650 -0.000066780 0.127825052 0.037417013 0.991090655 -0.001677376
0.987389982 0.000648603 -0.158305600 0.000066832 -0.008028855 0.998909950 -0.045985207 -0.000054112 0.158103168 0.046676353 0.986318767 -0.001998471
0.986474097 0.001652816 -0.163908929 -0.000179701 -0.009636470 0.998804450 -0.047924694 0.000132141 0.163633794 0.048855979 0.985310674 -0.002556483
0.984422922 0.000760400 -0.175814986 -0.000032270 -0.009584100 0.998735785 -0.049343742 0.000089582 0.175555244 0.050260138 0.983185768 -0.002740980
0.983309686 -0.000054377 -0.181940109 -0.000129629 -0.009275011 0.998684704 -0.050425995 -0.000292703 0.181703582 0.051271867 0.982015789 -0.003078083
0.977735579 -0.002210245 -0.209828243 0.000077724 -0.010134038 0.998280346 -0.057737011 0.000090357 0.209595010 0.058577944 0.976031959 -0.002941401
0.975699723 -0.001772879 -0.219104692 0.000011039 -0.011606018 0.998145282 -0.059759479 0.000086323 0.218804240 0.060850240 0.973869562 -0.003144452
0.972077072 -0.002848405 -0.234644324 0.000013839 -0.012232353 0.997951746 -0.062790185 0.000169716 0.234342575 0.063907154 0.970051169 -0.003512848
0.970064759 -0.005499047 -0.242784292 0.000077590 -0.010274050 0.997919142 -0.063653618 0.000000599 0.242629096 0.064242519 0.967989624 -0.003352783
0.964393318 -0.005486687 -0.264414966 0.000022063 -0.013525678 0.997453213 -0.070029296 0.000242202 0.264125705 0.071112186 0.961863101 -0.004161511
0.963452399 -0.004148587 -0.267847300 -0.000005383 -0.015284033 0.997399926 -0.070425369 0.000287070 0.267443031 0.071945257 0.960884035 -0.004763237
0.960490108 -0.007127150 -0.278222352 0.000105935 -0.014129897 0.997134030 -0.074323103 0.000427118 0.277954668 0.075317882 0.957636893 -0.003988211
0.956823528 -0.009471226 -0.290515661 0.000133781 -0.013595289 0.996916831 -0.077277482 0.000257316 0.290351927 0.077890530 0.953744590 -0.004658310
0.952321947 -0.007736839 -0.304996848 0.000102184 -0.017687626 0.996596932 -0.080508441 0.000458946 0.304581881 0.082064629 0.948944330 -0.004679464
0.950955629 -0.007866261 -0.309227318 0.000177277 -0.018164070 0.996531665 -0.081209540 0.000519446 0.308793604 0.082843490 0.947514355 -0.004815768
0.947022974 -0.009080841 -0.321037173 0.000290233 -0.018809378 0.996316195 -0.083667293 0.000478840 0.320614278 0.085273348 0.943363607 -0.005167015
0.944502771 -0.011433567 -0.328304410 0.000226334 -0.017444706 0.996238291 -0.084882028 0.000270661 0.328039855 0.085898474 0.940750360 -0.005570725
0.935436904 -0.013933276 -0.353218883 0.000219566 -0.019904952 0.995561361 -0.091986187 0.000322368 0.352932721 0.093078084 0.931007445 -0.005929434
0.930087388 -0.013892071 -0.367075622 0.000185960 -0.023007760 0.995119631 -0.095957071 0.000655407 0.366617054 0.097694062 0.925228477 -0.006257742
0.916708529 -0.016158540 -0.399229735 0.000413893 -0.026956160 0.994404256 -0.102144361 0.000538775 0.398646265 0.104398295 0.911143303 -0.006870984
0.913314819 -0.017052438 -0.406897038 0.000621247 -0.027063038 0.994373202 -0.102417946 0.000464279 0.406354070 0.104551688 0.907714367 -0.006339627
0.905671537 -0.017898945 -0.423601925 0.000674633 -0.029180093 0.994107962 -0.104392983 0.000413678 0.422974527 0.106906503 0.899813056 -0.006417895
0.897494018 -0.020857800 -0.440533221 0.000711341 -0.030057075 0.993665695 -0.108281806 0.000407242 0.440001220 0.110423416 0.891182125 -0.006951466
0.886431873 -0.023023810 -0.462285876 0.000948165 -0.033048805 0.993064523 -0.112829879 0.000374438 0.461677462 0.115294002 0.879523218 -0.007542498
0.879041255 -0.025322802 -0.476072490 0.001068074 -0.034051973 0.992702842 -0.115677997 0.000378000 0.475527793 0.117896952 0.871764541 -0.007485390
0.868976414 -0.026776982 -0.494128495 0.001278245 -0.037056509 0.992210209 -0.118935905 0.000540461 0.493464112 0.121663176 0.861214936 -0.008042608
0.865276396 -0.026676293 -0.500584781 0.001380789 -0.039244536 0.991913497 -0.120694734 0.000626855 0.499756575 0.124079525 0.857232511 -0.008541832
0.855393827 -0.029218651 -0.517153203 0.001456284 -0.040875737 0.991486371 -0.123628266 0.000562601 0.516362548 0.126889884 0.846917093 -0.008805124
0.848561227 -0.031085825 -0.528183103 0.001446270 -0.042412948 0.991063595 -0.126467511 0.000638105 0.527394354 0.129717261 0.839659810 -0.008782510
0.838438034 -0.032013576 -0.544056058 0.001728803 -0.045832731 0.990595222 -0.128921255 0.000802917 0.543066382 0.133028075 0.829085231 -0.009344455
0.836790204 -0.031769656 -0.546601057 0.001683903 -0.046941083 0.990476787 -0.129430652 0.000891818 0.545507550 0.133964360 0.827330053 -0.009225309
0.824572325 -0.037006684 -0.564544916 0.001748099 -0.045971986 0.990175903 -0.132053897 0.000571574 0.563885629 0.134841233 0.814770401 -0.009576701
0.816538453 -0.037955500 -0.576042116 0.001871876 -0.049829576 0.989478230 -0.135830149 0.000849298 0.575136662 0.139614463 0.806055605 -0.009347536
0.796522379 -0.043111984 -0.603070021 0.001880561 -0.052473571 0.988761604 -0.139990136 0.000747491 0.602327704 0.143150508 0.785308421 -0.009303848
0.790410161 -0.043585923 -0.611025393 0.001887198 -0.055072591 0.988370240 -0.141743630 0.000910811 0.610097349 0.145686343 0.778817475 -0.009659871
0.780618131 -0.043594848 -0.623486042 0.001944053 -0.057210095 0.988392591 -0.140737817 0.000747304 0.622384429 0.145532191 0.769063056 -0.009157412
0.777042985 -0.044730507 -0.627856195 0.002217678 -0.057843100 0.988176882 -0.141988277 0.001050609 0.626784146 0.146648139 0.765268564 -0.009794377
0.759628892 -0.048582479 -0.648539662 0.002240113 -0.061825048 0.987295449 -0.146374017 0.000802360 0.647411466 0.151285931 0.746974528 -0.010002878
0.754169405 -0.050258730 -0.654753804 0.002630184 -0.062770158 0.986984253 -0.148061574 0.001065044 0.653673053 0.152762532 0.741198421 -0.010416785
0.727320790 -0.056114461 -0.683999717 0.002782796 -0.069202922 0.985575378 -0.154441223 0.001059228 0.682799697 0.159663111 0.712946117 -0.010491012
0.721507668 -0.057233177 -0.690037012 0.002064658 -0.071114831 0.985182405 -0.156071365 0.001000726 0.688744783 0.161678538 0.706746519 -0.009818435
0.715130627 -0.059878051 -0.696421444 0.002333821 -0.070043705 0.985170484 -0.156630009 0.000885911 0.695472538 0.160790861 0.700331509 -0.009886715
0.708852410 -0.060204785 -0.702782750 0.002206671 -0.074133806 0.984473467 -0.159110248 0.001056575 0.701450229 0.164885625 0.693383217 -0.010218943
0.704068780 -0.061531622 -0.707460880 0.002645445 -0.075010553 0.984221578 -0.160253838 0.001224019 0.706158996 0.165896773 0.688344121 -0.010772728
0.700865924 -0.062904991 -0.710513830 0.002555486 -0.074809454 0.984127700 -0.160922885 0.001224631 0.709359229 0.165938526 0.685035706 -0.010836581
0.687764883 -0.066607825 -0.722871304 0.002818917 -0.078304268 0.983164549 -0.165093556 0.001022548 0.721697927 0.170149460 0.670970380 -0.010472389
0.684890330 -0.067981198 -0.725467920 0.002911311 -0.078924000 0.982859135 -0.166610017 0.001154863 0.724359155 0.171366438 0.667785347 -0.010958882
0.680382013 -0.069067612 -0.729595780 0.003272843 -0.080140695 0.982566655 -0.167750210 0.001461273 0.728462636 0.172604501 0.662985563 -0.011631988
0.677572608 -0.071496032 -0.731972575 0.003270474 -0.076813415 0.982940674 -0.167114213 0.001087794 0.731433570 0.169457301 0.660521746 -0.011484414
0.655185640 -0.076265410 -0.751608372 0.003358121 -0.081341214 0.981986284 -0.170547813 0.000992792 0.751076162 0.172877222 0.637179911 -0.010855980
0.651231170 -0.076116696 -0.755052447 0.003656098 -0.084402956 0.981519282 -0.171744153 0.001388947 0.754171133 0.175573811 0.632771492 -0.011721704
0.647877693 -0.076015845 -0.757942080 0.004251906 -0.083534442 0.981917441 -0.169882894 0.001178955 0.757150352 0.173377603 0.629812419 -0.011971497
0.639378726 -0.078662328 -0.764857531 0.003837113 -0.084541678 0.981529355 -0.171618298 0.001278607 0.764230013 0.174391463 0.620918751 -0.011811301
0.626676381 -0.081736922 -0.774981141 0.003976235 -0.087911598 0.980720520 -0.174524516 0.001259934 0.774304986 0.177500173 0.607408822 -0.012149364
0.621182442 -0.082904875 -0.779268324 0.004285874 -0.090996012 0.980031431 -0.176799789 0.001747059 0.778365016 0.180735216 0.601234198 -0.012498794
0.608500123 -0.086741552 -0.788798690 0.004502883 -0.094161756 0.979093015 -0.180306450 0.001771305 0.787947297 0.183991164 0.587610543 -0.012568182
0.603875279 -0.087884396 -0.792218983 0.004682584 -0.094672181 0.978959203 -0.180764943 0.001654963 0.791436553 0.184160635 0.582849026 -0.012519369
0.586428523 -0.092735007 -0.804674923 0.004569851 -0.100047156 0.977525115 -0.185567260 0.001696533 0.803798437 0.189327389 0.563970804 -0.012756257
0.580246806 -0.094686985 -0.808917820 0.004932450 -0.101300925 0.977115333 -0.187039569 0.001891001 0.808116198 0.190473244 0.557376146 -0.012961191
0.555457115 -0.099990860 -0.825511515 0.005253978 -0.101418033 0.977186501 -0.186603218 0.001530563 0.825337350 0.187371820 0.532644331 -0.012713939
0.544631660 -0.101146616 -0.832553744 0.005690924 -0.107700780 0.976046443 -0.189034089 0.001964388 0.831731260 0.192620620 0.520692229 -0.013168355
0.524727285 -0.106516019 -0.844580114 0.005638718 -0.108408883 0.975701392 -0.190405756 0.001627809 0.844339192 0.191471115 0.500429928 -0.013119545
0.514163971 -0.108902313 -0.850750089 0.005442725 -0.113203995 0.974611998 -0.193174168 0.001721779 0.850188375 0.195631489 0.488782287 -0.012993559
0.486072421 -0.116633877 -0.866100550 0.004382039 -0.112796456 0.974391520 -0.194520444 0.000813389 0.866608679 0.192244112 0.460468948 -0.011685070
0.453171194 -0.124666646 -0.882663071 0.004365349 -0.116733193 0.973346531 -0.197407186 0.001003646 0.883747339 0.192495331 0.426539958 -0.012527931
0.408412993 -0.129161969 -0.903612733 0.007000193 -0.138706103 0.969660223 -0.201294854 0.002485749 0.902197003 0.207548037 0.378106296 -0.013049951
0.408222795 -0.129401252 -0.903664470 0.006826657 -0.137426481 0.969910204 -0.200968578 0.002286564 0.902478874 0.206227362 0.378156275 -0.013514291
0.404434055 -0.130947471 -0.905144095 0.007765546 -0.139311329 0.969326794 -0.202479511 0.002717145 0.903894603 0.207986444 0.373786300 -0.014185470
0.391034424 -0.134445027 -0.910503507 0.007752028 -0.143715680 0.968219042 -0.204688936 0.002599847 0.909086466 0.210893989 0.359285027 -0.013572448
0.390472889 -0.134889230 -0.910678744 0.007749627 -0.143750817 0.968140304 -0.205036625 0.002718802 0.909322083 0.210972071 0.358642101 -0.013724225
0.392548889 -0.133000702 -0.910063744 0.005225235 -0.147252813 0.967636287 -0.204930916 0.003242785 0.907866776 0.214454904 0.360259771 -0.010270247
0.341456175 -0.144333333 -0.928749442 0.008954466 -0.156424671 0.965631366 -0.207574755 0.003157755 0.926789641 0.216156989 0.307143509 -0.014837855
0.327116162 -0.147700042 -0.933370054 0.009623615 -0.159038156 0.965016663 -0.208445638 0.003150845 0.931505203 0.216627389 0.292182565 -0.014783410
0.320708245 -0.149700925 -0.935273111 0.009882145 -0.157210335 0.965322077 -0.208418533 0.002960744 0.934040248 0.213876158 0.286052197 -0.014730128
0.300389171 -0.154437810 -0.941230774 0.011734040 -0.163587347 0.963841021 -0.210355833 0.003735271 0.939683735 0.217162058 0.264263391 -0.014992780
0.299710333 -0.153567806 -0.941589415 0.011828127 -0.163646698 0.964056253 -0.209321186 0.003664465 0.939890146 0.216823727 0.263806760 -0.014936966
0.293208838 -0.155290201 -0.943352222 0.011596218 -0.164053679 0.963912249 -0.209665149 0.003407080 0.941867828 0.216236055 0.257151663 -0.015008830
0.285655707 -0.159342736 -0.944992423 0.011755964 -0.161906391 0.963881195 -0.211469352 0.003521421 0.944556653 0.213407740 0.249539554 -0.015072307
0.264829487 -0.163734496 -0.950292706 0.011915480 -0.167359397 0.962719083 -0.212515593 0.003414415 0.949661136 0.215320840 0.227553919 -0.015102792
0.258091152 -0.164347783 -0.952039242 0.012054975 -0.171983570 0.961869955 -0.212668344 0.003745544 0.950689554 0.218622938 0.219984978 -0.015377025
0.246792495 -0.166542232 -0.954650283 0.013099849 -0.173712045 0.961562157 -0.212655425 0.003878690 0.953371704 0.218316019 0.208375975 -0.015483500
0.238513827 -0.167746246 -0.956541955 0.012892814 -0.177360281 0.960879087 -0.212731674 0.003932090 0.954805970 0.220391974 0.199431449 -0.015970906
0.234396398 -0.167614847 -0.957582116 0.013179392 -0.177934751 0.960986257 -0.211765498 0.003996822 0.955718398 0.220024198 0.195427194 -0.016354153
0.228540286 -0.169242248 -0.958710790 0.013224334 -0.177440882 0.961036563 -0.211951688 0.003985914 0.957227290 0.218553990 0.189605072 -0.016495831
0.219995216 -0.171104655 -0.960377693 0.014284293 -0.179904848 0.960493386 -0.212336347 0.004162520 0.958768189 0.219489589 0.180521339 -0.016545527
0.219217554 -0.171235979 -0.960532010 0.014158292 -0.180640221 0.960335135 -0.212427467 0.004241855 0.958808005 0.220078558 0.179590151 -0.016485780
0.216295898 -0.171892107 -0.961077094 0.014686816 -0.182618409 0.959883392 -0.212777928 0.004363813 0.959096849 0.221533343 0.176228195 -0.016462799
0.215730473 -0.171595767 -0.961257160 0.014803464 -0.182276666 0.960056603 -0.212288946 0.004465125 0.959289134 0.221011966 0.175835550 -0.016457757
0.211691946 -0.173336208 -0.961842537 0.015266156 -0.186878607 0.958809078 -0.213919640 0.004542938 0.959303319 0.225032896 0.170579344 -0.016721174
0.208980069 -0.173942104 -0.962326050 0.015415210 -0.185779706 0.959071994 -0.213698074 0.004454670 0.960111141 0.223439321 0.168111965 -0.016890334
0.186927557 -0.174756229 -0.966704905 0.015757143 -0.190888807 0.958832026 -0.210244343 0.004229900 0.963649213 0.223833621 0.145873100 -0.016793013
0.180869564 -0.174823195 -0.967844546 0.013325223 -0.190141812 0.959293246 -0.208812028 0.003641431 0.964951932 0.221795440 0.140265852 -0.015414257
0.155078411 -0.179610804 -0.971437454 0.012534189 -0.192795888 0.958923638 -0.208074749 0.003174589 0.968906701 0.219556987 0.114080220 -0.015360216
0.126488850 -0.186574161 -0.974264145 0.014534986 -0.206296265 0.955731273 -0.209808528 0.004284516 0.970279574 0.227525443 0.082399771 -0.014933387
0.115674317 -0.188040629 -0.975325644 0.014619037 -0.207564369 0.955662906 -0.208866984 0.004092412 0.971358001 0.226603389 0.071515143 -0.015067382
0.105332516 -0.190500244 -0.976019800 0.014454514 -0.209516570 0.955197453 -0.209047243 0.003860941 0.972115219 0.226511776 0.060700387 -0.015073943
0.085378237 -0.195395842 -0.977001011 0.014317254 -0.215590775 0.953727543 -0.209581360 0.003979496 0.972744107 0.228526086 0.039302040 -0.014741235
0.079747960 -0.196375921 -0.977280438 0.015254512 -0.218720138 0.953063905 -0.209357873 0.004372954 0.972523451 0.230446726 0.033053551 -0.015182720
0.069710091 -0.198144376 -0.977690816 0.014885159 -0.220588550 0.952751637 -0.208818167 0.003981944 0.972872674 0.230224147 0.022708014 -0.015172814
0.067462146 -0.198534921 -0.977769256 0.015259637 -0.222374126 0.952358365 -0.208718166 0.004256892 0.972624660 0.231511146 0.020099103 -0.015521552
0.067350179 -0.198491380 -0.977785826 0.015362173 -0.222250208 0.952402830 -0.208647266 0.004265695 0.972660720 0.231365532 0.020029746 -0.015565817
0.066869274 -0.199099958 -0.977695107 0.015498137 -0.222234160 0.952301204 -0.209128290 0.004321372 0.972697556 0.231261507 0.019432880 -0.015354997
0.066863485 -0.198978484 -0.977720261 0.015393362 -0.222035348 0.952374637 -0.209004670 0.004321604 0.972743392 0.231063232 0.019498827 -0.015343010
0.066800334 -0.198989987 -0.977722228 0.015469356 -0.222414687 0.952285171 -0.209008828 0.004328613 0.972660959 0.231421635 0.019354695 -0.015382315
0.066959247 -0.198732063 -0.977763832 0.015454048 -0.222840250 0.952230752 -0.208802983 0.004254953 0.972552717 0.231866404 0.019475169 -0.015427592
0.066692553 -0.198980898 -0.977731347 0.015495457 -0.222850144 0.952188909 -0.208983585 0.004263157 0.972568810 0.231825247 0.019160999 -0.015326777
0.065101951 -0.199677110 -0.977696598 0.015430489 -0.222345531 0.952240825 -0.209283620 0.004280386 0.972791970 0.231011271 0.017595416 -0.015291711
0.049501490 -0.203779623 -0.977764487 0.015636850 -0.226698190 0.951121569 -0.209703967 0.004251533 0.972706318 0.232038140 0.000885439 -0.015380759
0.045383807 -0.204426646 -0.977829278 0.016214196 -0.230198726 0.950354815 -0.209366903 0.004580108 0.972084820 0.234596968 -0.003928032 -0.015845591
0.045615204 -0.204343840 -0.977835774 0.016060781 -0.230369240 0.950319290 -0.209340081 0.004645307 0.972033620 0.234812394 -0.003725523 -0.015843017
0.045588646 -0.204517901 -0.977800608 0.016117962 -0.230687305 0.950206518 -0.209501758 0.004718350 0.971959412 0.235117108 -0.003861058 -0.015803041
0.045621343 -0.205016583 -0.977694631 0.016083078 -0.230398372 0.950167596 -0.209995240 0.004779507 0.972026467 0.234839484 -0.003887564 -0.015803071
0.045377381 -0.204926759 -0.977724910 0.016212562 -0.230323166 0.950217783 -0.209850967 0.004742978 0.972055674 0.234715164 -0.004080991 -0.015773766
0.045512415 -0.204952106 -0.977713287 0.016177228 -0.230007797 0.950281382 -0.209908545 0.004707251 0.972124040 0.234435096 -0.003890981 -0.015837707
0.045929585 -0.204589248 -0.977769792 0.016215932 -0.230178490 0.950296521 -0.209653035 0.004692628 0.972063959 0.234690845 -0.003445315 -0.015928039
0.045554489 -0.204759449 -0.977751791 0.016238503 -0.229818746 0.950366199 -0.209731922 0.004753445 0.972166777 0.234259844 -0.003764118 -0.015816623
0.045437660 -0.204747751 -0.977759659 0.016334519 -0.229462057 0.950460494 -0.209694579 0.004743127 0.972256541 0.233886704 -0.003795136 -0.015750486
0.045430921 -0.203557923 -0.978008389 0.016452126 -0.227938548 0.951080561 -0.208541662 0.004642926 0.972615182 0.232400000 -0.003190234 -0.015617949
0.047101382 -0.203186810 -0.978006542 0.016278477 -0.228303909 0.950986981 -0.208568633 0.004686120 0.972449958 0.233106554 -0.001595546 -0.015597821
0.049037136 -0.203331798 -0.977881134 0.016116893 -0.229390383 0.950595379 -0.209161326 0.004711076 0.972098470 0.234573245 -0.000027879 -0.015697954
0.049710490 -0.204283297 -0.977648795 0.016204933 -0.229202941 0.950401604 -0.210244209 0.004807328 0.972108483 0.234531328 0.000422590 -0.015660323
0.050247390 -0.204030320 -0.977674127 0.016009871 -0.229170874 0.950435877 -0.210124195 0.004693909 0.972088516 0.234612674 0.000999110 -0.015559630
0.051792536 -0.203030333 -0.977801681 0.015989169 -0.229187921 0.950566292 -0.209514916 0.004545751 0.972003281 0.234951660 0.002700136 -0.015355021
0.064355627 -0.200599685 -0.977557242 0.016043866 -0.226404637 0.951109052 -0.210077316 0.004712141 0.971905053 0.234843120 0.015792523 -0.015637685
0.065683194 -0.200794086 -0.977428973 0.015495809 -0.224443793 0.951470494 -0.210544080 0.004376465 0.972270846 0.233207092 0.017428612 -0.015427146
0.066003881 -0.200960994 -0.977373004 0.015445540 -0.224644706 0.951369643 -0.210785076 0.004401744 0.972202778 0.233474329 0.017649261 -0.015425068
0.084413275 -0.197477698 -0.976666212 0.015409202 -0.221706033 0.951872170 -0.211626470 0.004690456 0.971452951 0.234396845 0.036568671 -0.015635280
0.106232747 -0.195122570 -0.975008488 0.014642473 -0.217961878 0.952139974 -0.214294225 0.004339332 0.970158398 0.235279724 0.058619160 -0.014810274
0.095646955 -0.201656237 -0.974774897 0.013326755 -0.214548647 0.952071309 -0.218011349 0.003553123 0.972018778 0.229988739 0.047797658 -0.014571145
0.079354428 -0.206586152 -0.975205123 0.014632079 -0.222220838 0.950006306 -0.219330639 0.003979732 0.971761703 0.234115794 0.029479453 -0.015549627
0.071184903 -0.206868008 -0.975775778 0.015683273 -0.226434141 0.949366033 -0.217787951 0.004509377 0.971421778 0.236452162 0.020738546 -0.015841993
0.071222566 -0.206572071 -0.975835681 0.014427660 -0.224837765 0.949817240 -0.217474371 0.003954126 0.971789777 0.234893799 0.021203212 -0.015215360
0.067992635 -0.205910027 -0.976205885 0.015290403 -0.228387937 0.949275434 -0.216136828 0.004273698 0.971193075 0.237649366 0.017516352 -0.015491115
0.063846491 -0.206039324 -0.976458609 0.014000427 -0.228359848 0.949477375 -0.215277597 0.003625668 0.971481025 0.236728683 0.013569674 -0.015406354
0.061317343 -0.208855793 -0.976022243 0.015155718 -0.231154993 0.948305964 -0.217446864 0.004208347 0.970982730 0.238945737 0.009869548 -0.015615484
0.066146024 -0.207695022 -0.975954711 0.014847324 -0.227318734 0.949239910 -0.217416435 0.004149736 0.971571326 0.236234039 0.015575472 -0.015512830
0.066242240 -0.206140667 -0.976277590 0.014579420 -0.225518048 0.950015783 -0.215897307 0.004048454 0.971984327 0.234469771 0.016442729 -0.015488008
0.064840101 -0.206581324 -0.976278603 0.012856220 -0.224540234 0.950228214 -0.215981960 0.003550576 0.972305179 0.233218163 0.015227069 -0.015357488
0.057687234 -0.207742557 -0.976481020 0.012493461 -0.227217704 0.949707687 -0.215469927 0.003371376 0.972133875 0.234303653 0.007583229 -0.015138031
0.053548340 -0.207499489 -0.976768374 0.013537765 -0.227583513 0.949892342 -0.214266658 0.003546223 0.972285092 0.233769998 0.003641694 -0.015517810
0.051701579 -0.206462190 -0.977087736 0.013167771 -0.226159126 0.950556815 -0.212823123 0.003329443 0.972717345 0.231980607 0.002451972 -0.015300225
0.047392629 -0.207361445 -0.977115750 0.013420468 -0.227538839 0.950255692 -0.212697476 0.003412279 0.972615063 0.232412085 -0.002147674 -0.015559293
0.020704592 -0.210614294 -0.977349937 0.012746710 -0.238007143 0.948417246 -0.209421471 0.003329668 0.971042633 0.236952275 -0.030491108 -0.015762173
0.015097861 -0.211109176 -0.977345824 0.013289783 -0.239761695 0.948175609 -0.208512142 0.003604484 0.970714390 0.237478182 -0.036300465 -0.015554014
0.010528085 -0.212044835 -0.977203131 0.013458194 -0.240127876 0.948124647 -0.208322093 0.003647941 0.970684171 0.236846924 -0.040935941 -0.015799902
0.021898387 -0.209127843 -0.977643013 0.012274789 -0.236323580 0.949082375 -0.208311856 0.003192533 0.971427560 0.235601828 -0.028638478 -0.015633792
0.026255239 -0.210256785 -0.977293551 0.012349566 -0.235700175 0.948765457 -0.210451350 0.003192795 0.971471131 0.235873744 -0.024647508 -0.015750811
0.033990856 -0.207125947 -0.977723539 0.011319237 -0.232110545 0.949903965 -0.209301904 0.002904219 0.972095430 0.234054327 -0.015788076 -0.015722344
0.037928052 -0.205055386 -0.978015065 0.010536715 -0.230159432 0.950612605 -0.208235815 0.002646186 0.972413540 0.232997373 -0.011140544 -0.015383013
0.038925361 -0.203897119 -0.978218019 0.010451811 -0.231566474 0.950469375 -0.207327813 0.002644906 0.972040117 0.234592825 -0.010218373 -0.015187505
0.050353631 -0.200947464 -0.978307128 0.009351071 -0.227177560 0.951567113 -0.207147896 0.002853417 0.972550690 0.232680067 0.002264111 -0.015310778
0.053467784 -0.200753018 -0.978181720 0.008775963 -0.225904778 0.951754749 -0.207677394 0.002764770 0.972681046 0.232079938 0.005537159 -0.014671968
0.070277341 -0.196280792 -0.978026032 0.007768295 -0.222386897 0.952691972 -0.207176417 0.002332970 0.972422242 0.232060000 0.023302380 -0.014458244
0.084399700 -0.193086922 -0.977544963 0.007548396 -0.218368992 0.953612924 -0.207213476 0.002312307 0.972209692 0.230954260 0.038320441 -0.014903584
0.101671800 -0.188720554 -0.976753473 0.006090590 -0.212722093 0.955007970 -0.206661642 0.002115269 0.971808732 0.228788704 0.056952339 -0.014530925
0.109637439 -0.186621189 -0.976295114 0.005365109 -0.213135332 0.954955757 -0.206477106 0.002023391 0.970851660 0.230720609 0.064923339 -0.014242317
0.126238063 -0.181431040 -0.975267529 0.003790513 -0.209589601 0.956060886 -0.204987168 0.001640060 0.969606102 0.230283126 0.082665227 -0.013215540
0.139801696 -0.177591577 -0.974123597 0.003655861 -0.205782309 0.957094252 -0.204019889 0.001543667 0.968560278 0.228979677 0.097258218 -0.013287504
0.173573464 -0.172937453 -0.969517887 0.004208208 -0.196374506 0.958613276 -0.206149429 0.002167094 0.965043664 0.226170659 0.132429317 -0.012865228
0.202574015 -0.166189954 -0.965062022 0.002407529 -0.189291418 0.960262477 -0.205097184 0.001413927 0.960797846 0.224225283 0.163065836 -0.012048949
0.246276855 -0.158944160 -0.956077635 0.003280484 -0.173320010 0.963337183 -0.204796672 0.001799586 0.953576386 0.216144100 0.209699437 -0.011774612
0.255971760 -0.157709226 -0.953732729 0.002250378 -0.169608086 0.963970661 -0.204923227 0.001546915 0.951688766 0.214215368 0.220000520 -0.012187709
0.262530416 -0.155886754 -0.952248394 0.001842055 -0.168082267 0.964388490 -0.204213604 0.001481973 0.950171649 0.213668346 0.226979494 -0.011696819
0.267675281 -0.154164761 -0.951095760 0.001576983 -0.167120501 0.964725792 -0.203408271 0.001415465 0.948904932 0.213394970 0.232469156 -0.011498379
0.290170938 -0.150585279 -0.945052862 0.002038836 -0.160613447 0.965870500 -0.203217462 0.001673749 0.943400323 0.210756019 0.256081492 -0.011469571
0.309558928 -0.147269860 -0.939406753 0.001239133 -0.155516550 0.966790020 -0.202809557 0.001589245 0.938076675 0.208874777 0.276375681 -0.010809674
0.332020789 -0.143570811 -0.932281852 0.000470032 -0.149378434 0.967874229 -0.202251300 0.001408038 0.931369007 0.206414476 0.299908072 -0.010414808
0.338421375 -0.142899573 -0.930081010 -0.000017883 -0.146456748 0.968358338 -0.202070639 0.001403466 0.929527462 0.204601690 0.306784570 -0.010205461
0.341877759 -0.141377538 -0.929048955 0.000013341 -0.146325245 0.968552291 -0.201234743 0.001216024 0.928282559 0.204741001 0.310439438 -0.010254260
0.343321919 -0.141451865 -0.928504944 0.000031545 -0.145663545 0.968613029 -0.201422334 0.001317834 0.927853525 0.204402015 0.311941743 -0.010170911
0.346436292 -0.140592352 -0.927478075 -0.000129303 -0.144701645 0.968862474 -0.200915262 0.001254548 0.926845908 0.203811958 0.315305203 -0.010102798
0.350800812 -0.139418960 -0.926013529 -0.000378451 -0.143589795 0.969153106 -0.200309992 0.001061509 0.925375998 0.203234985 0.319960535 -0.009969935
0.349779904 -0.139380932 -0.926405370 -0.000300220 -0.144413382 0.969028771 -0.200319454 0.001159701 0.925634325 0.203853041 0.318818301 -0.009861997
0.353701711 -0.138752863 -0.925009608 -0.000929632 -0.142832518 0.969325781 -0.200016126 0.000902431 0.924388468 0.202867493 0.323033690 -0.009484903
0.363582075 -0.137096822 -0.921418905 -0.001574438 -0.139541313 0.969936550 -0.199377269 0.000785596 0.921051741 0.201065943 0.333520859 -0.009294370
0.369327039 -0.135787338 -0.919325471 -0.001386300 -0.138397232 0.970198393 -0.198900685 0.000978641 0.918936193 0.200691506 0.339527875 -0.009266764
